13
1 2 3 4 5 6 7 8 9 10 0.091 0.092 0.93
-11 12 -13 14 -15 16 -17 18 -19 20 81 82 8.3
2.1 22 2.3 24 2.5 26 2.7 28 2.9 30 70 -7.1 -72 7.3
-31 -32 -33 -34 -35 -36 -37 -38 -39 -40 61 62 63 64 65
50 41 49 42 48 43 47 44 46 45 -51 60 -52
-51 60 -52 59 -53 58 -54 57 -55 56 50 41 49
61 62 63 64 65 66 67 68 69 70 -31 -32 -33
70 -7.1 -72 7.3 -74 -7.5 76 -7.7 -78 7.9 -80 2.1 22 2.3
81 82 8.3 0.84 0.085 0.086 0.87 8.8 89 90 -11 12 -13
0.091 0.092 0.93 0.94 9.5 9.6 97 -98 99 -100 1 2 3
1 2 3 4 5 6 7 8 9 10 0.091 0.092 0.93
-11 12 -13 14 -15 16 -17 18 -19 20 81 82 8.3
2.1 22 2.3 24 2.5 26 2.7 28 2.9 30 70 -7.1 -72 7.3


310047313225294610000.000000